1759
1887
1742
1872
1860
1764
1883
1747
1872
1863
1879
1862
1758
1969
1916
1822
1860
1865
1766
1865
1975
1864
1871
1861
1769
1767
1866
1858
1763
1766
1778
1752
1765
1765
1882
1958
1759
1865
1867
1865
1663
1865
1764
1876
1875
2011
2230
1860
1978
1849
1870
1879
1765
1757
1770
1855
5757
1865
1867
1868
1891
1952
1769
1750
1764
1871
1760
1866
1766
1762
1764
1769
1862
1762
1873
1762
1863
1877
2064
1767
1860
1763
1867
1765
1772
1981
1742
1769
1658
1865
1866
1828
2010
1771
1981
1948
1866
1867
1766
1863
2138
1902
1866
1872
1765
1867
1866
1863
1866
1867
1763
1868
1768
1872
1756
1765
1870
1871
1754
1764
1766
1762
1871
1765
1765
1861
1764
1873
1865
1872
1802
1833
1856
1883
1847
1867
1763
1764
1766
1762
1872
1762
1863
1869
1966
1764
1764
1866
1867
1972
1863
1871
1864
1869
1769
1775
1849
1864
1764
1870
1875
1862
1863
1867
1662
1867
1969
1867
1861
1875
1862
1868
1862
1877
1754
1867
1867
1897
1733
1868
1868
1867
1764
1864
1770
1865
1863
1760
1867
1870
1864
1876
1861
1760
1871
1976
1860
1868
1868
1761
1764
1866
1868
1866
1868
1871
1873
1855
1866
1969
1863
1884
1955
1862
1768
1870
1863
1896
1842
1864
1763
1867
1866
1766
1867
1874
1862
1865
1864
1970
1968
1892
1744
1863
1863
1870
1876
1752
1768
1869
1864
1866
1765
1868
1765
1759
